{"4140": [[-0.7925970838726673, -0.555670890400935, 0.251037127745977, 140.17213379544955], [0.5953269484185734, -0.7942295973587785, 0.12159592924191699, -8.214043511475666], [0.13181360295471972, 0.24582505143620387, 0.9603094442801524, 1172.207190869883], [0.0, 0.0, 0.0, 1.0]], "4141": [[-0.7905332986060456, -0.5570398854643637, 0.2544864093739121, 139.92392414315964], [0.5973925142295096, -0.7928909146543353, 0.1201934107174374, -8.000264050879991], [0.13482704779054808, 0.24704505313348624, 0.9595777660478909, 1172.1124976775004], [0.0, 0.0, 0.0, 1.0]], "4142": [[-0.7884924758398658, -0.5602605008999922, 0.25374882387628067, 140.2183324190412], [0.6006753249532426, -0.7901376394552836, 0.1219521503990028, -8.27904451387974], [0.13217121111790198, 0.2485783294054265, 0.9595520879685029, 1172.0196660532347], [0.0, 0.0, 0.0, 1.0]], "4143": [[-0.7890033324028556, -0.5593907262937979, 0.25407812209736036, 140.11638163660723], [0.5997375728209217, -0.791017507927558, 0.1208558890242396, -8.013858023471585], [0.13337469694239243, 0.24773622071578763, 0.9596032609974781, 1171.8494439242138], [0.0, 0.0, 0.0, 1.0]], "4144": [[-0.7907812500395954, -0.5574271070485628, 0.25286207213887596, 140.14279824035202], [0.5977342489569465, -0.7922204573795296, 0.12288128663295798, -8.156420118569713], [0.13182517249304845, 0.24831675415453303, 0.9596669714491255, 1171.7736704323283], [0.0, 0.0, 0.0, 1.0]], "4145": [[-0.7918163183711214, -0.5558625075878625, 0.2530680976262216, 139.99621040703255], [0.5959311951999541, -0.7938979544351636, 0.12079616565797838, -7.787703194512346], [0.13376438286487574, 0.24646028697108618, 0.9598776798143227, 1171.5369917536852], [0.0, 0.0, 0.0, 1.0]], "4146": [[-0.7925768885049422, -0.5550740526815425, 0.2524182566196692, 140.18064673470212], [0.5951059263047662, -0.7943714553310778, 0.12175135933745579, -7.916701857635076], [0.1329328076599441, 0.2467131205169445, 0.9599281248349262, 1171.3821815604529], [0.0, 0.0, 0.0, 1.0]], "4147": [[-0.7906229897729982, -0.5578251327227416, 0.2524806010348078, 140.29707382770334], [0.5976912814029964, -0.7926355083164834, 0.12038927925984819, -7.882156707498098], [0.13296892159454918, 0.24608767045899355, 0.9600834471925445, 1171.121180383036], [0.0, 0.0, 0.0, 1.0]], "4148": [[-0.7914056002621993, -0.556160965140291, 0.2536955763418863, 140.44408942362884], [0.596449109296432, -0.7934465000300223, 0.1212076659255572, -8.098913663203007], [0.13388303476522545, 0.2472417605146404, 0.9596596591937215, 1171.0883651934437], [0.0, 0.0, 0.0, 1.0]], "4149": [[-0.7928704241240324, -0.5531219380079851, 0.255757648280325, 140.3735929950608], [0.5937039634937371, -0.7957477010149656, 0.119584175704298, -7.916570795201096], [0.13737443603411034, 0.24665924690120866, 0.9593166026106665, 1170.925478447453], [0.0, 0.0, 0.0, 1.0]], "4150": [[-0.795442529526037, -0.5491417771776281, 0.2563495278929978, 140.40258245803625], [0.5900518682589818, -0.7982616820584596, 0.12090081778675121, -7.963942167668847], [0.13824195919670632, 0.24742884765368883, 0.9589931305877298, 1170.9120693421485], [0.0, 0.0, 0.0, 1.0]], "4151": [[-0.7920502205539647, -0.5541823154883201, 0.2560049648010905, 140.33630214258483], [0.5948802232838576, -0.794818567636574, 0.11992320936471501, -7.811377870280467], [0.13701853759521804, 0.24727813255580383, 0.9592081004651665, 1170.7271210658002], [0.0, 0.0, 0.0, 1.0]], "4152": [[-0.7934589437548938, -0.5525665578494802, 0.2551331537215877, 140.30612759810106], [0.5932492213290143, -0.795806471699117, 0.12143735596983977, -7.894216952608758], [0.13593454074374964, 0.24771292052049299, 0.9592494948845169, 1170.6660310232512], [0.0, 0.0, 0.0, 1.0]], "4153": [[-0.7921348079579084, -0.5542722677875696, 0.255548738763348, 140.0731330861404], [0.5949560699383704, -0.7946515588930358, 0.12065057943136298, -7.8138608075697675], [0.13619883312650793, 0.2476115849113396, 0.9592380602412774, 1170.6573588071324], [0.0, 0.0, 0.0, 1.0]], "4154": [[-0.7919339829402529, -0.5545686294122685, 0.255527828437985, 140.00281474882104], [0.5954048071390095, -0.7941461972980839, 0.12176037329304899, -8.004283002321927], [0.13540192778276533, 0.24856884216280992, 0.9591039247053741, 1170.6640460455121], [0.0, 0.0, 0.0, 1.0]], "4155": [[-0.7909790511901423, -0.5558854362328176, 0.25562279603719407, 139.92898981884696], [0.5966457259287044, -0.7933269314211072, 0.1210204812995944, -7.929672204692679], [0.13551880600493155, 0.24824101480097538, 0.9591716815701882, 1170.608254033673], [0.0, 0.0, 0.0, 1.0]], "4156": [[-0.7899022817442652, -0.5579958636079574, 0.25435237056292787, 139.9545929740018], [0.5986290431291927, -0.7916146493318362, 0.12243364822317158, -8.115973357358598], [0.1330314640722908, 0.2489731211442142, 0.9593308115753647, 1170.59754660931], [0.0, 0.0, 0.0, 1.0]], "4157": [[-0.7897070931800714, -0.558265746766293, 0.254367374672552, 139.87287907563768], [0.598741235812691, -0.7917100951041297, 0.121264101430574, -7.977747382877055], [0.13368773084434754, 0.24806307007681666, 0.9594753251583221, 1170.5382856712804], [0.0, 0.0, 0.0, 1.0]], "4158": [[-0.7896483910009475, -0.5585719592797693, 0.25387491829106185, 139.93285234509926], [0.5990921284158474, -0.7912527649384318, 0.12250592994762959, -8.25944185804667], [0.1324506550523979, 0.2488308697029746, 0.9594475106771164, 1170.5084288537862], [0.0, 0.0, 0.0, 1.0]], "4159": [[-0.7929585335631891, -0.553465194114437, 0.2547407317257492, 139.8533390587545], [0.5940153366429198, -0.7952710313776584, 0.12119867526237281, -8.095813734929038], [0.13550842646866518, 0.24742552433923728, 0.9593841444185195, 1170.4072188019297], [0.0, 0.0, 0.0, 1.0]], "4160": [[-0.7911435894620638, -0.5562656860864661, 0.2542830503865133, 139.97834509804466], [0.5968594223845906, -0.7929691814549257, 0.1223039061739422, -8.400520676674546], [0.13360502503485233, 0.24853156767115522, 0.959365318296332, 1170.3026692456363], [0.0, 0.0, 0.0, 1.0]], "4161": [[-0.7896918844911688, -0.5579749930085615, 0.2550506497182697, 139.867399726415], [0.5986512168960164, -0.7917511161575633, 0.1214355614449928, -8.265940919013019], [0.13417840424937072, 0.2485833149955576, 0.9592721856120466, 1170.159662346077], [0.0, 0.0, 0.0, 1.0]], "4162": [[-0.791765398248317, -0.555417977604062, 0.2542013035402498, 139.96646979651837], [0.5960714805909286, -0.7934695745877696, 0.1229005602561622, -8.415428881465346], [0.1334396405052212, 0.2488301202646, 0.9593111670355873, 1169.9530324589095], [0.0, 0.0, 0.0, 1.0]], "4163": [[-0.7895862034280445, -0.5579589404238442, 0.25541312678611067, 139.84767623021185], [0.5986947342185593, -0.7917561956841545, 0.12118897011889779, -8.30173547002778], [0.13460581247988349, 0.2486037324619367, 0.9592068855882538, 1169.6474927122736], [0.0, 0.0, 0.0, 1.0]], "4164": [[-0.7932044184571044, -0.5527000990683603, 0.255634231823473, 139.8723539177024], [0.5936237227202481, -0.7954073754197671, 0.12221829520293001, -8.479684329275642], [0.13578326344654204, 0.2486944008628719, 0.9590166845548463, 1169.2042576671872], [0.0, 0.0, 0.0, 1.0]], "4165": [[-0.7916055586878417, -0.5543687307643214, 0.2569753312226722, 139.68281519841207], [0.5954270340451313, -0.7942945124866923, 0.12067801150623081, -8.398127226895895], [0.13721362387336392, 0.2485392390320498, 0.95885348978493, 1168.8055332599781], [0.0, 0.0, 0.0, 1.0]], "4166": [[-0.7917037161324332, -0.5542485245553258, 0.25693152620335696, 139.67994161543152], [0.59542023056544, -0.7941657338097784, 0.12155418084631497, -8.636296237063334], [0.13667540441189718, 0.2492165020235276, 0.958754912874667, 1168.5962194642748], [0.0, 0.0, 0.0, 1.0]], "4167": [[-0.7907645731760783, -0.5551642024602917, 0.257845997709261, 139.5289864225499], [0.5964189142271807, -0.7935850502924563, 0.12044461975487199, -8.558236613217332], [0.1377560756339696, 0.24902734802125626, 0.9586496463172198, 1168.614846993825], [0.0, 0.0, 0.0, 1.0]], "4168": [[-0.7908226602130223, -0.5556638181035813, 0.2565890984740991, 139.57255486289296], [0.5967395242362695, -0.793187375233115, 0.12147481290696437, -8.801208026893164], [0.1360232942404031, 0.249182272409209, 0.958856095780414, 1168.4627827866705], [0.0, 0.0, 0.0, 1.0]], "4169": [[-0.7904955121975291, -0.5558657889129097, 0.25715679624768295, 139.45778702847383], [0.5968630787661496, -0.7933354330493101, 0.11988694899227999, -8.69885001624948], [0.13737013261743858, 0.2482572648821482, 0.9589047005578152, 1168.4245239075979], [0.0, 0.0, 0.0, 1.0]], "4170": [[-0.792766497996051, -0.55296265946921, 0.2564249010921714, 139.6425573643321], [0.5938705604209703, -0.795461682381596, 0.1206604114988026, -8.958697335525926], [0.1372562504861775, 0.247938773289454, 0.9590033627682202, 1168.2415853015211], [0.0, 0.0, 0.0, 1.0]], "4171": [[-0.7926891842754962, -0.5526974629514163, 0.25723494918598955, 139.51771298189055], [0.5936357206630487, -0.7958242690794806, 0.1194169872191314, -8.775122534910793], [0.1387124076605547, 0.24736374120048876, 0.9589417012315011, 1168.168351342722], [0.0, 0.0, 0.0, 1.0]], "4172": [[-0.7929755493135965, -0.5526815086689927, 0.2563843365714028, 139.58202829401512], [0.5936450595744593, -0.7955580247094933, 0.1211329461476062, -9.042567681994683], [0.1370198438982809, 0.2482564439260352, 0.9589551598100527, 1168.0303801722785], [0.0, 0.0, 0.0, 1.0]], "4173": [[-0.7956353954748252, -0.5482676092226618, 0.2576181279765168, 139.35586987911893], [0.5894004569677803, -0.7988494218565338, 0.1201933731236422, -8.764576770010649], [0.13990035967459144, 0.2474701703570081, 0.9587417088782708, 1167.793758714789], [0.0, 0.0, 0.0, 1.0]], "4174": [[-0.792380126252461, -0.5533031877070603, 0.25688230501475756, 139.39533362374755], [0.5944955543153546, -0.7948187281036302, 0.1218089399477554, -8.979959556658741], [0.13677789573552798, 0.24923458253669584, 0.9587360164522845, 1167.6992446521258], [0.0, 0.0, 0.0, 1.0]], "4175": [[-0.7906098933696969, -0.5554219438403641, 0.25776559623743567, 139.19713985074532], [0.5967093203719168, -0.793311109256563, 0.1208149682797658, -8.742942577234885], [0.1373847717307621, 0.24932874418875017, 0.9586243565300168, 1167.6136393383117], [0.0, 0.0, 0.0, 1.0]], "4176": [[-0.7929348084508596, -0.5520897505575862, 0.2577820973145631, 139.24950190220488], [0.5935972957384847, -0.7954004674262759, 0.12239366074658839, -8.862723794884687], [0.13746813586570356, 0.25006838026033845, 0.958419400905774, 1167.5405314354975], [0.0, 0.0, 0.0, 1.0]], "4177": [[-0.7902053745811275, -0.5553292950706342, 0.2591995292771936, 139.11963649511085], [0.5970032592040423, -0.7930765836347131, 0.1208989033576714, -8.704437795964736], [0.1384262279816038, 0.25027753511831846, 0.9582273150462693, 1167.4391963055537], [0.0, 0.0, 0.0, 1.0]], "4178": [[-0.7898238048428794, -0.5560558998080517, 0.2588051050376299, 139.1738308140516], [0.5978734549664093, -0.7921588193931729, 0.12260385134065961, -8.881465887393801], [0.13683970409921217, 0.25156776043263746, 0.9581166087121672, 1167.412470276742], [0.0, 0.0, 0.0, 1.0]], "4179": [[-0.7904214929036671, -0.5551848442956175, 0.2588494413324744, 139.10961309731397], [0.5968738790782876, -0.7930599467728634, 0.12164398278034157, -8.68890202874013], [0.13774809623655648, 0.2506502698609986, 0.9582270244683898, 1167.2487180090734], [0.0, 0.0, 0.0, 1.0]], "4180": [[-0.7894272601137141, -0.556768117068882, 0.25848387319623606, 139.1201450805861], [0.5984780451384633, -0.7917298594117311, 0.12242682942396439, -8.82357255426382], [0.13648581415675284, 0.2513438365451107, 0.9582267601762955, 1167.239915346373], [0.0, 0.0, 0.0, 1.0]], "4181": [[-0.7925207177425484, -0.5523432269002014, 0.2585102995178778, 139.09910310981763], [0.5939307312084461, -0.7952695398688804, 0.12162366160469619, -8.618827869925099], [0.13840675713246672, 0.24992639009020887, 0.9583219079727084, 1167.0850226749203], [0.0, 0.0, 0.0, 1.0]], "4182": [[-0.7928227023422624, -0.5521960731012513, 0.2578987185237846, 139.23654068480323], [0.593872423432916, -0.7950457714085345, 0.12336197156517639, -8.906254644406545], [0.13692090467862844, 0.2509633042021072, 0.9582638031824022, 1167.0230306413357], [0.0, 0.0, 0.0, 1.0]], "4183": [[-0.7912837985210371, -0.5538764699311959, 0.259018228774427, 139.1347866163403], [0.5956298717197087, -0.7939688613807614, 0.121813167307384, -8.776145399587904], [0.13818349137083732, 0.2506679446173095, 0.958159783147564, 1166.8846642655592], [0.0, 0.0, 0.0, 1.0]], "4184": [[-0.7909205853593326, -0.5544545367052953, 0.25889070192748026, 139.15017111953603], [0.596316951622116, -0.7933021189576033, 0.12278928390891918, -8.93336089172135], [0.13729749165496005, 0.25149756379827154, 0.95807032766796, 1166.7609201502428], [0.0, 0.0, 0.0, 1.0]], "4185": [[-0.7928697612883254, -0.5517672244964505, 0.2586708617405344, 139.1033521352408], [0.593421621913032, -0.7956219050035799, 0.1218061555603676, -8.752076901680198], [0.1385963015554688, 0.25007778128060815, 0.9582551192852371, 1166.332576237453], [0.0, 0.0, 0.0, 1.0]], "4186": [[-0.7928632261969117, -0.5524676667907387, 0.2571902298043953, 139.0587264975875], [0.5939094582738028, -0.795071705156181, 0.12301236330827518, -8.914400738076324], [0.1365244907563849, 0.25027940786604336, 0.9584993383200223, 1165.686096837517], [0.0, 0.0, 0.0, 1.0]], "4187": [[-0.7940456045496903, -0.5501594833808854, 0.2584881553090427, 138.73815639649752], [0.5918215232508041, -0.7967478059992463, 0.12223040720926379, -8.827279034186745], [0.13870285639547947, 0.2500356328325875, 0.9582499329416659, 1165.449040770408], [0.0, 0.0, 0.0, 1.0]], "4188": [[-0.7954822859759967, -0.5482836177918252, 0.2580575290012296, 138.70795148701905], [0.5899219725677312, -0.7980545997586669, 0.12288674295897939, -9.058567824431634], [0.13856767958916552, 0.2499872142416937, 0.9582820789569297, 1165.3294730117489], [0.0, 0.0, 0.0, 1.0]], "4189": [[-0.7919562109451286, -0.5532036634705538, 0.2584007369628591, 138.54561577072468], [0.5946956495496489, -0.7947719981721574, 0.1211395006266854, -9.004196811229008], [0.13835476389712234, 0.24960720196698855, 0.9584118923810739, 1165.1419172650417], [0.0, 0.0, 0.0, 1.0]], "4190": [[-0.7958053122468255, -0.5479743104255106, 0.2577168200716324, 138.64103338962582], [0.5894129452851175, -0.7985463808166685, 0.12213224728720459, -9.097816337451718], [0.138873446663473, 0.24909476082336246, 0.9584709749764068, 1164.8654313299548], [0.0, 0.0, 0.0, 1.0]], "4191": [[-0.7922128977529388, -0.5529748382210226, 0.2581028656129426, 138.46965220143738], [0.5943842296042626, -0.7950089318055178, 0.12111243152003742, -9.046074536711103], [0.13822180032982384, 0.2493592952335074, 0.9584963253269434, 1164.4980221243509], [0.0, 0.0, 0.0, 1.0]], "4192": [[-0.7932543309552084, -0.5518769021340658, 0.2572545280575545, 138.5473831020945], [0.5930730826766087, -0.7959755936368819, 0.12118873691985199, -9.097217750798222], [0.13788665047092602, 0.2487046412090201, 0.95871428605261, 1164.0120673541123], [0.0, 0.0, 0.0, 1.0]], "4193": [[-0.7945376714217621, -0.5495569976901944, 0.25825648166166576, 138.27041299881375], [0.590974103731686, -0.797567784874231, 0.12097627272865219, -9.057931801231689], [0.13949380934068673, 0.24874281438963453, 0.9584714076006517, 1163.267505828138], [0.0, 0.0, 0.0, 1.0]], "4194": [[-0.7966141886071999, -0.5463949217926973, 0.25857091022557, 138.3837917435901], [0.5880319241294102, -0.7995842574974334, 0.121998350824567, -9.352858549605571], [0.1400897005390289, 0.2492338656420701, 0.9582570363261347, 1163.0197811558573], [0.0, 0.0, 0.0, 1.0]], "4195": [[-0.794557281022268, -0.5487463319346833, 0.259915036112311, 138.35474180743995], [0.5904926298646029, -0.7980275843588998, 0.1202905790397, -9.265667236365061], [0.14141003757042642, 0.2490551467548708, 0.9581094486275433, 1163.0056225507258], [0.0, 0.0, 0.0, 1.0]], "4196": [[-0.7946655295009305, -0.5492360062192642, 0.25854780407542527, 138.48047211055905], [0.5908801878249986, -0.7974786857861689, 0.12201969753270916, -9.377063619871024], [0.13916949898926678, 0.2497351568294912, 0.958261088964351, 1162.8747915658391], [0.0, 0.0, 0.0, 1.0]], "4197": [[-0.7953981506487913, -0.5478362076982388, 0.2592628308259168, 138.3977724395395], [0.5895635488846991, -0.7985546601147226, 0.12134709265017422, -9.056595906477469], [0.14055725004525219, 0.24937029938677563, 0.9581533605205336, 1162.913531325898], [0.0, 0.0, 0.0, 1.0]], "4198": [[-0.7971149731461887, -0.5450468419175601, 0.2598671831674777, 138.37965739877313], [0.5869390720755522, -0.8004664984294999, 0.12147106788905479, -8.896090123590284], [0.1418071474793972, 0.24935267114263904, 0.9579741668060108, 1162.9218372839605], [0.0, 0.0, 0.0, 1.0]], "4199": [[-0.7961724131912572, -0.5459053961140385, 0.2609537918503362, 138.28186939127272], [0.5880066983526594, -0.7997634554346765, 0.1209396256737298, -8.67459017153783], [0.14267952371857087, 0.2497306876615959, 0.9577461388655568, 1162.9364945958391], [0.0, 0.0, 0.0, 1.0]], "4200": [[-0.7966574276653436, -0.5456790552475648, 0.2599437851420969, 138.5645225642777], [0.5875832389724476, -0.8000049384507721, 0.1213978328504776, -8.678296325215342], [0.14171196795639462, 0.24945077950693637, 0.9579626443668776, 1163.0010305408205], [0.0, 0.0, 0.0, 1.0]], "4201": [[-0.7965083655675729, -0.5457157202366613, 0.26032388066154166, 138.62485064767748], [0.5874427306794188, -0.8003880259288202, 0.11954083976420578, -8.305526636106038], [0.1431240458261979, 0.24814088460181172, 0.9580927407585154, 1163.1575813987965], [0.0, 0.0, 0.0, 1.0]], "4202": [[-0.79495786900317, -0.5486856200119585, 0.25881709140025305, 138.7878092634969], [0.5899653965035616, -0.7986015078116019, 0.1190639536422424, -8.073341032555163], [0.14136287092599498, 0.24734418604743588, 0.958559806865448, 1163.9156179578904], [0.0, 0.0, 0.0, 1.0]], "4203": [[-0.7976960515576172, -0.5457639515854482, 0.256559977560762, 139.11515090173702], [0.5865782469519937, -0.8009597425848736, 0.119957941070372, -7.869304291589401], [0.14002508452893725, 0.24618236480318992, 0.959055311247064, 1165.6584067057938], [0.0, 0.0, 0.0, 1.0]], "4204": [[-0.7983040070402149, -0.5461144858693208, 0.25390905785944295, 139.6737931988548], [0.5865038360997001, -0.8007461840261884, 0.12173087001654699, -7.865683216567504], [0.13683795475513902, 0.24609672428840637, 0.9595367888529333, 1168.3112402910044], [0.0, 0.0, 0.0, 1.0]], "4205": [[-0.7987546652622323, -0.5465112392684317, 0.2516282828945201, 140.41769646924195], [0.5863615925139689, -0.8008018802437652, 0.12205105336932141, -7.583524719954312], [0.13480146795461495, 0.24503427743728834, 0.960097216527902, 1171.5686210095698], [0.0, 0.0, 0.0, 1.0]], "4206": [[-0.8001767661589747, -0.5444074982679046, 0.25166908282226697, 140.8505423637905], [0.5845217691002718, -0.8018627929945269, 0.12389654489126398, -7.364097831114805], [0.13435343798555338, 0.24624557488034776, 0.9598501084423267, 1174.4977155507288], [0.0, 0.0, 0.0, 1.0]], "4207": [[-0.8029932081403738, -0.540084787676541, 0.25201247553009976, 141.2540493484512], [0.5800912692204798, -0.8052748831815956, 0.1225813757315722, -6.45140515172227], [0.13673520909483214, 0.2446230992886398, 0.9599288264727882, 1176.5976830921877], [0.0, 0.0, 0.0, 1.0]], "4208": [[-0.802035733883862, -0.5409689539760203, 0.2531618932319276, 141.66385554083922], [0.5813299241827514, -0.8043192426606157, 0.1229881972485874, -5.900265308771395], [0.13709012307217353, 0.24581194003013604, 0.9595745678106369, 1178.2776065569924], [0.0, 0.0, 0.0, 1.0]], "4209": [[-0.8030424554359868, -0.5387862041768409, 0.25462042057831796, 142.04419057325913], [0.5795439783864427, -0.8055769992287457, 0.12318143612595298, -5.296802939482973], [0.1387475629917294, 0.24648360299389627, 0.959163215509419, 1179.6000890980713], [0.0, 0.0, 0.0, 1.0]], "4210": [[-0.8063388382360653, -0.5336289327972743, 0.2550648764252002, 142.54427688160263], [0.5746017958333844, -0.8089870502900461, 0.1239880108670088, -4.946863747864882], [0.14018041053081035, 0.24653688968311374, 0.9589416186077924, 1180.779473804619], [0.0, 0.0, 0.0, 1.0]], "4211": [[-0.8055271988096977, -0.5342278583131117, 0.2563731961940211, 142.9141759664144], [0.5756490050003917, -0.8081290710657606, 0.12472276738203739, -4.9650139003022105], [0.14055147597139567, 0.24804825207725895, 0.958497611574574, 1182.0345055965647], [0.0, 0.0, 0.0, 1.0]], "4212": [[-0.8068569046960361, -0.5322676085287561, 0.2562677306836242, 143.4010563076656], [0.5739415909050889, -0.8090388576906996, 0.12667868009381278, -5.225270326539089], [0.13990411656536628, 0.24929434786731117, 0.9582688223979763, 1183.193416902753], [0.0, 0.0, 0.0, 1.0]], "4213": [[-0.8075422802644182, -0.5313842482350312, 0.25594277823522016, 143.73839762927173], [0.5729976301632341, -0.8096796452459674, 0.12685859838425578, -5.3371921035384275], [0.1398215194260677, 0.24909849039363804, 0.958331975505514, 1183.9231935524588], [0.0, 0.0, 0.0, 1.0]], "4214": [[-0.8064731886477111, -0.5331541790660214, 0.2556323190053416, 144.0274951584754], [0.5747594543005397, -0.8083553135135784, 0.1273313492941654, -5.591554467758101], [0.13875407791377734, 0.24961597785634984, 0.9583526550502917, 1184.1911992355915], [0.0, 0.0, 0.0, 1.0]], "4215": [[-0.8066594966844597, -0.532195826181088, 0.25703627258540057, 144.14562247358776], [0.573954999185697, -0.8091515558352741, 0.12589431889700237, -5.4544135233464885], [0.14098151757466637, 0.24908131333311595, 0.9581668083913638, 1184.1455893816537], [0.0, 0.0, 0.0, 1.0]], "4216": [[-0.8086440514664215, -0.5286222575545999, 0.2581734604861697, 144.15500599370785], [0.5705419377543827, -0.8116904368125809, 0.1250638655581728, -5.439676577312753], [0.1434450993199085, 0.24843098746328007, 0.9579690309165474, 1183.8673093572795], [0.0, 0.0, 0.0, 1.0]], "4217": [[-0.8100230727225476, -0.5267815325990486, 0.2576133688852261, 144.04689923243632], [0.5683590495731525, -0.8134142476237036, 0.12379923427860139, -5.538311210754614], [0.144331782155017, 0.24669692039062013, 0.9582841723517518, 1183.0091507605343], [0.0, 0.0, 0.0, 1.0]], "4218": [[-0.8102663979331517, -0.5263705372701687, 0.25768832998491487, 143.57193279054968], [0.5679278978714632, -0.8137530611514903, 0.1235485167048836, -5.982972204469206], [0.1446620264613837, 0.2464546518559215, 0.9582962773802676, 1181.576381006075], [0.0, 0.0, 0.0, 1.0]], "4219": [[-0.8087327392459694, -0.5284309682572054, 0.2582872532735302, 142.76460546578096], [0.5698050947452209, -0.8127847545443339, 0.1212555224471628, -6.305554052967864], [0.1458573895381107, 0.2452366585267197, 0.9584282138214563, 1179.097411683819], [0.0, 0.0, 0.0, 1.0]], "4220": [[-0.8073562975037872, -0.5308376218823219, 0.2576585776242733, 142.0548263352082], [0.5719182598393113, -0.8114409217795637, 0.1203080974551922, -6.886870530423039], [0.14521098370402385, 0.24449146349456669, 0.9587169469369542, 1175.7302298017123], [0.0, 0.0, 0.0, 1.0]], "4221": [[-0.8044717413073299, -0.5350932602796948, 0.2578782685632214, 141.13396592223103], [0.5758419299800218, -0.8090593688864217, 0.11759909707396561, -7.188104316257409], [0.1457118295929662, 0.2431016689780251, 0.9589936684949222, 1171.8904127664757], [0.0, 0.0, 0.0, 1.0]], "4222": [[-0.8038556710387988, -0.5353526197313735, 0.25925458680458485, 140.17790936740607], [0.5761118086032697, -0.809187751398146, 0.11537106231057158, -7.539917078221151], [0.14802182901118258, 0.24210176367982894, 0.958892900506779, 1167.9548919759868], [0.0, 0.0, 0.0, 1.0]], "4223": [[-0.8046915845260572, -0.5339785435479847, 0.25949567041019034, 139.46912258985913], [0.5746838406784248, -0.8102992863689407, 0.11468635625552158, -8.145518028479046], [0.1490291905828326, 0.24141505625333382, 0.9589106011544762, 1163.8351689524343], [0.0, 0.0, 0.0, 1.0]], "4224": [[-0.806591255842932, -0.5290707710573552, 0.2636192170299609, 138.83295679582943], [0.5721114952294916, -0.8108915433116862, 0.12306113795512058, -9.735625839006843], [0.14865876938466163, 0.2500796994609904, 0.9567444237124839, 1162.5335045289717], [0.0, 0.0, 0.0, 1.0]], "4225": [[-0.807521476900266, -0.526006748685651, 0.2668817880931087, 139.01180251639266], [0.5687081015029136, -0.8143570124494361, 0.1157305205477088, -9.541020763553433], [0.15646233425433195, 0.24523266410839753, 0.9567547891276419, 1162.8140028762002], [0.0, 0.0, 0.0, 1.0]], "4226": [[-0.805383183509502, -0.5308279650892181, 0.2637777768186696, 139.35501668349775], [0.5726847003907665, -0.8116390843628657, 0.11520980502496339, -9.915438970610353], [0.1529357999301996, 0.24385001717813687, 0.9576788320653584, 1162.7704890670298], [0.0, 0.0, 0.0, 1.0]], "4227": [[-0.8061621715814946, -0.5296191832270232, 0.2638286945143671, 139.14107208795508], [0.5716483487757043, -0.8122188342895179, 0.11626696392914339, -9.874454630289506], [0.15270890578571894, 0.24454690832559603, 0.957536615896093, 1162.672795495743], [0.0, 0.0, 0.0, 1.0]], "4228": [[-0.8077018128987314, -0.5267703748054626, 0.2648213721503273, 138.92020172103776], [0.5690879784855518, -0.8139663997957465, 0.11660980476974818, -9.74225247902757], [0.15412899156730128, 0.24489282274303004, 0.9572206328762141, 1162.7517947501428], [0.0, 0.0, 0.0, 1.0]], "4229": [[-0.8064201517666868, -0.5292447397186979, 0.2637907982656031, 138.55166898407742], [0.5714134980831422, -0.8122467972855951, 0.11722171082677038, -9.305931607455364], [0.15222481626283854, 0.2452637169052116, 0.9574309218321225, 1162.6801162412444], [0.0, 0.0, 0.0, 1.0]], "4230": [[-0.8047030367221247, -0.5329324057648654, 0.2616039633953729, 138.51516352616454], [0.5749029503621048, -0.8094621726591731, 0.11940756682570562, -9.231681584604644], [0.1481220070547495, 0.2464845180573101, 0.957760789680678, 1162.6790319696781], [0.0, 0.0, 0.0, 1.0]], "4231": [[-0.8069511667229459, -0.5297229137643129, 0.2611969688083601, 138.53379240689605], [0.5717874708018785, -0.8114570805079404, 0.12081498740004941, -9.047111238693105], [0.14795164977767783, 0.2468412288330702, 0.957695431195574, 1162.6474407970309], [0.0, 0.0, 0.0, 1.0]], "4232": [[-0.8068750474081522, -0.5294291549043284, 0.2620252337417011, 138.44467673133954], [0.5719602318406787, -0.8110895111745495, 0.12245506385024438, -9.128931833393608], [0.1476943716531401, 0.24867382297167567, 0.9572605985428747, 1162.5678827889776], [0.0, 0.0, 0.0, 1.0]], "4233": [[-0.8049822694877928, -0.5318061526109978, 0.2630325404059974, 138.34422685501045], [0.5745632979267463, -0.8092970133847784, 0.12212886741291458, -8.985902644020712], [0.14792235123682934, 0.24944078185744434, 0.9570259857383651, 1162.552729132164], [0.0, 0.0, 0.0, 1.0]], "4234": [[-0.8051745051131463, -0.5321457008465497, 0.26175387379310655, 138.5837021607217], [0.5747707894827411, -0.8089507604655263, 0.1234414927481464, -9.2045851621358], [0.14605732245470135, 0.24984091317529575, 0.95720801711119, 1162.5091536324467], [0.0, 0.0, 0.0, 1.0]], "4235": [[-0.8050174062522049, -0.5320699028207974, 0.2623894531675325, 138.52629754226973], [0.574642963634344, -0.8092568183721467, 0.122019483523499, -9.104725858782558], [0.14741727877391717, 0.24900869711142626, 0.9572166555272231, 1162.4732838776997], [0.0, 0.0, 0.0, 1.0]], "4236": [[-0.8063760464414911, -0.5298690713718492, 0.2626725159430907, 138.599261682019], [0.5726783701770876, -0.8104784179940702, 0.1231455049305108, -9.442534819890739], [0.1476388773771149, 0.2497282956484214, 0.9569947360481837, 1162.4582392766056], [0.0, 0.0, 0.0, 1.0]], "4237": [[-0.8069027222159416, -0.5285766003461551, 0.26365693115724886, 138.60802623273548], [0.571449482762345, -0.8115276932740484, 0.12193861202474361, -9.331728710530797], [0.1495113987012533, 0.24905912729637839, 0.9568778335297644, 1162.4368629165144], [0.0, 0.0, 0.0, 1.0]], "4238": [[-0.8075600454073067, -0.5274493952892171, 0.26390082501031636, 138.6566794792343], [0.5704750249541217, -0.8121209224069373, 0.12254867350453359, -9.460667455659745], [0.14968162314544717, 0.24951435136739966, 0.9567331484266708, 1162.4109802660134], [0.0, 0.0, 0.0, 1.0]], "4239": [[-0.8057874914276982, -0.5296306729972626, 0.26494809769362765, 138.5301903703023], [0.5727573468593058, -0.8106914919084651, 0.1213592452995938, -9.243036540728667], [0.15051550926847537, 0.24954044155090851, 0.9565954150946362, 1162.3580813988442], [0.0, 0.0, 0.0, 1.0]], "4240": [[-0.8047870874588878, -0.5316081956326401, 0.2640286484392132, 138.58065041216832], [0.5748221726206244, -0.8089209077916034, 0.12339730709071478, -9.448037158230363], [0.14797855727217188, 0.25107850695864825, 0.9565885448066089, 1162.3746201704967], [0.0, 0.0, 0.0, 1.0]], "4241": [[-0.8044799896716505, -0.5318727884156161, 0.26443160444185176, 138.3999453172123], [0.5751140033473877, -0.8087925548332966, 0.12287786199451818, -9.170609518452011], [0.14851485538504, 0.25093084173845764, 0.9565441798234261, 1162.3928636153053], [0.0, 0.0, 0.0, 1.0]], "4242": [[-0.8047750683463947, -0.5317768146278768, 0.2637251060040723, 138.50340143618405], [0.575012310521827, -0.8086860915315438, 0.12405017766204818, -9.251995188945102], [0.1473043537721785, 0.2514775087736845, 0.9565884622345263, 1162.4130699033767], [0.0, 0.0, 0.0, 1.0]], "4243": [[-0.8055130521793452, -0.5304772879982356, 0.2640864422513437, 138.37808067613923], [0.5735926810650872, -0.8098980462714045, 0.1227015642144268, -8.850884391816408], [0.1487929274204939, 0.2503165617094703, 0.9566621296218216, 1162.4918394749611], [0.0, 0.0, 0.0, 1.0]], "4244": [[-0.8072330767030499, -0.5286947242303106, 0.2624063626856349, 138.56675486734503], [0.5712340288223978, -0.8116865768958267, 0.1218880588801466, -8.631476142607312], [0.14855064479289284, 0.24828732242943508, 0.9572283016126103, 1162.639173210769], [0.0, 0.0, 0.0, 1.0]], "4245": [[-0.8049270080514841, -0.5327184790680227, 0.261350474125034, 138.6142026611817], [0.5748654134330851, -0.8092542729906762, 0.12098775536286299, -8.396253261458583], [0.14704714542996153, 0.24762709446877232, 0.9576317417242639, 1162.8326771978082], [0.0, 0.0, 0.0, 1.0]], "4246": [[-0.8041235884000109, -0.5342699536915169, 0.2606548777808641, 138.82093942607708], [0.5759864517783316, -0.8087070716841441, 0.11930196807567339, -8.031222229506966], [0.14705426590530252, 0.24606743089561187, 0.9580325807772233, 1163.2327819536247], [0.0, 0.0, 0.0, 1.0]], "4247": [[-0.8091074952749722, -0.5261048200467681, 0.26183561826830737, 139.2689055412327], [0.5680241577567066, -0.8143673863887795, 0.11896827818127959, -7.849346766388408], [0.15064118025344217, 0.24498657697037424, 0.9577521579619726, 1164.525132666589], [0.0, 0.0, 0.0, 1.0]], "4248": [[-0.8107906924438657, -0.5237392068357553, 0.261371569080608, 139.89743499808128], [0.5656550960381713, -0.8158928914113625, 0.11980150956691599, -7.904289259841221], [0.1505066166991211, 0.24498014278205138, 0.9577748253133267, 1166.613016392673], [0.0, 0.0, 0.0, 1.0]], "4249": [[-0.811406826348735, -0.5230312334723588, 0.2608764477646801, 140.47603113525588], [0.5648689222019095, -0.8163873701146668, 0.12014193732111238, -7.734408614594372], [0.15013874298448324, 0.24484507802573893, 0.9578667754440586, 1169.2554769572832], [0.0, 0.0, 0.0, 1.0]], "4250": [[-0.8116303348367064, -0.5231919433907191, 0.259858961376305, 141.17364686259498], [0.5650408544411776, -0.81600953645657, 0.121889527745417, -7.555718031748029], [0.14827625054945642, 0.24576011348340188, 0.9579231594473238, 1172.0850801470413], [0.0, 0.0, 0.0, 1.0]], "4251": [[-0.8124299272578824, -0.5220406245300673, 0.2596742589583298, 141.82813268252494], [0.5637976289249448, -0.8169048989877216, 0.12164798622288621, -6.880471120091443], [0.1486235477056391, 0.24523477399504776, 0.9580039351221609, 1174.7011905190568], [0.0, 0.0, 0.0, 1.0]], "4252": [[-0.8140993130392172, -0.5182601584732852, 0.2620087943003185, 142.30102619653303], [0.5608132640623968, -0.8187526378880287, 0.12301365133681397, -6.311438803812621], [0.15076750598046149, 0.24708375705404864, 0.9571927769799665, 1177.357110238547], [0.0, 0.0, 0.0, 1.0]], "4253": [[-0.8141980799900199, -0.5174970588564523, 0.26320729551512445, 143.002175065968], [0.5604253792270432, -0.8189534029830061, 0.12344286244969199, -5.6459824771193325], [0.1516729755016399, 0.24801459963531014, 0.9568092008358257, 1179.8254650548108], [0.0, 0.0, 0.0, 1.0]], "4254": [[-0.8151974886812283, -0.5159509983881074, 0.2631501757128975, 143.64917415345076], [0.5590144298264715, -0.8197659606236346, 0.12444703433151702, -5.206503981765195], [0.15151318768783376, 0.24855314663200417, 0.9566948104549692, 1181.7994727149232], [0.0, 0.0, 0.0, 1.0]], "4255": [[-0.8178532556396617, -0.5119266326524299, 0.262767697229725, 144.17908301861962], [0.5550405361228208, -0.8222959981468163, 0.12553626316551697, -4.889600191569798], [0.15180766229290513, 0.248516570849378, 0.9566572903778224, 1183.6261349255753], [0.0, 0.0, 0.0, 1.0]], "4256": [[-0.8192087001431989, -0.5098261957834824, 0.2626301607936628, 144.62659102629664], [0.5530740542314984, -0.8234452056607124, 0.1266747332495002, -4.704171024865218], [0.15167890932781844, 0.24902631955580593, 0.9565453815055107, 1185.42426851815], [0.0, 0.0, 0.0, 1.0]], "4257": [[-0.8177141102970473, -0.5131070437482548, 0.2608918653989891, 145.33973996259715], [0.5560813864569821, -0.8212537730571521, 0.1277338807261614, -4.735704833798991], [0.14871747400671256, 0.24952718885644537, 0.9568800705283237, 1187.2171177764492], [0.0, 0.0, 0.0, 1.0]], "4258": [[-0.8202971982748537, -0.5082145657641436, 0.26235536646572327, 145.74605264227262], [0.5516526327360718, -0.8241341579392737, 0.1283819317458362, -4.616550905470149], [0.15097054818546224, 0.25004072010698364, 0.9563927631274122, 1189.0091646518626], [0.0, 0.0, 0.0, 1.0]], "4259": [[-0.8206521715373616, -0.5066306843812486, 0.2643009709026864, 146.29974679531006], [0.5503080979003164, -0.8252876604836281, 0.1267318136414926, -4.292641274646826], [0.15391853579511094, 0.24944962693630043, 0.9560771706471048, 1190.7372823635435], [0.0, 0.0, 0.0, 1.0]], "4260": [[-0.8233351643455712, -0.5014330211712976, 0.26586445203474884, 147.02852391975603], [0.5456154460699342, -0.8282796395385001, 0.12750116002962558, -4.229257881546459], [0.1562763170540029, 0.2500356775616768, 0.9555412276613113, 1192.3428974033218], [0.0, 0.0, 0.0, 1.0]], "4261": [[-0.8259870510173838, -0.4969500700486114, 0.2660551864703676, 147.80378755405923], [0.5411062669362777, -0.8312777600962838, 0.12720346686432038, -3.932999940718105], [0.1579521733773047, 0.24903304067276374, 0.9555278802149365, 1193.8688333022615], [0.0, 0.0, 0.0, 1.0]], "4262": [[-0.8270604708775106, -0.4941509841200725, 0.2679293306955774, 148.03919745176267], [0.5387696722667015, -0.8328046070528151, 0.12713585899164262, -3.613233681097654], [0.160308664020232, 0.2495006955759461, 0.9550132681299615, 1195.6415524641586], [0.0, 0.0, 0.0, 1.0]], "4263": [[-0.82679560942583, -0.49507691870591847, 0.2670350461339627, 148.5938761162081], [0.5395100243444672, -0.8322851921859307, 0.12739684260711578, -3.4435579660072335], [0.15917746231322233, 0.24939908987501702, 0.9552292720074538, 1197.422390809743], [0.0, 0.0, 0.0, 1.0]], "4264": [[-0.8296347634224738, -0.4900699301472075, 0.26746513541369743, 148.91841863248487], [0.5346354886991157, -0.8353764797874438, 0.1277155089914806, -3.201156368709917], [0.16084441873107708, 0.24895336632350534, 0.9550664716793111, 1199.3780721550543], [0.0, 0.0, 0.0, 1.0]], "4265": [[-0.829978365060673, -0.4902702554416564, 0.2660269934019759, 149.36746293772376], [0.5345384178992973, -0.8353667741319257, 0.12818267025397456, -3.033517711181844], [0.1593864131810989, 0.24859082961277848, 0.9554051941443753, 1201.4798022356936], [0.0, 0.0, 0.0, 1.0]], "4266": [[-0.8322435168275603, -0.48713627105725943, 0.26470580728052107, 149.76080933579124], [0.5310859716813255, -0.8375230709866, 0.1284647171858704, -2.7296944296106176], [0.15911691589713584, 0.2474958770534435, 0.9557345355481881, 1203.3281991598174], [0.0, 0.0, 0.0, 1.0]], "4267": [[-0.8320450694744305, -0.4879916590617757, 0.2637509254011663, 150.0955238410727], [0.5316431823404986, -0.8372201048210414, 0.1281302241369102, -2.4395220082368496], [0.15829156243400377, 0.24683162975469414, 0.956043391495948, 1205.100209697312], [0.0, 0.0, 0.0, 1.0]], "4268": [[-0.8352466888556077, -0.48309241266699265, 0.26265045961817807, 150.6231067226986], [0.5263698811549713, -0.8405995040828899, 0.1277801161367714, -2.04740979125836], [0.1590543305687947, 0.2449785831745089, 0.9563928245345192, 1206.8846458681628], [0.0, 0.0, 0.0, 1.0]], "4269": [[-0.8357476646905146, -0.48230286513737736, 0.2625074020333315, 150.96763028535156], [0.5255278096294818, -0.8411359328706881, 0.127714799822463, -1.8447711858515277], [0.15920724632565716, 0.24469217531193346, 0.9564406398719884, 1208.779728920254], [0.0, 0.0, 0.0, 1.0]], "4270": [[-0.836363742576164, -0.4816157909634765, 0.2618044527779941, 151.47662915643946], [0.5245921227381181, -0.841777296342528, 0.1273336173979844, -1.5608737984442769], [0.1590554506064222, 0.24383832112290257, 0.9566845646627055, 1210.5938137893086], [0.0, 0.0, 0.0, 1.0]], "4271": [[-0.8371695617758582, -0.4811222540909439, 0.2601305910321542, 152.14826644403138], [0.5238010817384889, -0.8421462885555536, 0.1281497264786258, -1.4121352317855553], [0.15741291611198038, 0.24353989975633697, 0.9570318092784645, 1212.6721817047726], [0.0, 0.0, 0.0, 1.0]], "4272": [[-0.8363504764174808, -0.48233252950442046, 0.26052516161852457, 152.50025657048582], [0.5251442077875598, -0.8412870818836689, 0.1282942795237104, -1.1664095468732967], [0.15729650046182464, 0.24411270205875074, 0.9569047995564307, 1214.6731997577006], [0.0, 0.0, 0.0, 1.0]], "4273": [[-0.8375536864871629, -0.4809588522973765, 0.2591959786187605, 153.25465873993812], [0.5235959729877708, -0.84208868298849, 0.129360952659852, -0.9907309515257339], [0.15604881048001823, 0.24406067092725492, 0.957122124135095, 1216.6437605807102], [0.0, 0.0, 0.0, 1.0]], "4274": [[-0.8408685345423704, -0.47507807421242065, 0.2593079281386397, 153.77210670195177], [0.5177907735910985, -0.8455960482230351, 0.1298436066375378, -0.6055390301215766], [0.15758445716292485, 0.2434485125332032, 0.957027037634142, 1218.5712335895157], [0.0, 0.0, 0.0, 1.0]], "4275": [[-0.8452484501181116, -0.46743493251365786, 0.25895991481797376, 154.26753339233255], [0.5099935602365288, -0.8503411989215129, 0.12971838631018218, -0.0027947040530307277], [0.15956985792205625, 0.24171192199971409, 0.9571377787657399, 1220.413366017199], [0.0, 0.0, 0.0, 1.0]], "4276": [[-0.8459098841713785, -0.4662065687719509, 0.2590137774640503, 154.73122493578308], [0.5088191316439111, -0.8510006868918618, 0.1300032945914572, 0.49633483337458983], [0.15981251216795553, 0.24176266778091013, 0.9570849007309531, 1222.467646072761], [0.0, 0.0, 0.0, 1.0]], "4277": [[-0.8474353274845868, -0.46402480289937026, 0.2579414352432829, 155.4793524480965], [0.506360892896142, -0.8524574591942324, 0.1300573235523306, 0.9877945250865423], [0.15953446684314618, 0.24082661162145197, 0.9573669291563394, 1224.6890138689175], [0.0, 0.0, 0.0, 1.0]], "4278": [[-0.8476896510241997, -0.4632849679788687, 0.25843794325328007, 155.82276665267545], [0.5058656835083422, -0.8526389581376771, 0.13079288727007538, 1.3275744184867335], [0.15975912355741492, 0.24160638557821787, 0.957132643406106, 1226.7842657768153], [0.0, 0.0, 0.0, 1.0]], "4279": [[-0.8451129028214672, -0.4695219343905682, 0.2556041447526753, 156.40809507056088], [0.511477873416911, -0.8492272113843432, 0.13116171466595322, 1.6175409706054324], [0.15548225789241021, 0.24158248888672815, 0.9578429401105365, 1228.6470658952628], [0.0, 0.0, 0.0, 1.0]], "4280": [[-0.8463934371683506, -0.46771431530199714, 0.2546784298409025, 156.70831465359151], [0.5096874890351383, -0.8500527878884396, 0.132772506004916, 1.8794892751210455], [0.1543898667713866, 0.24218433357185798, 0.957867417902557, 1230.5757563777559], [0.0, 0.0, 0.0, 1.0]], "4281": [[-0.8450935203586847, -0.4710198168645465, 0.2528967855829933, 157.05161904509464], [0.512508057580447, -0.8484010491923858, 0.1324797476597982, 2.1680494995732715], [0.152157695995274, 0.2415688827981511, 0.9583800437788388, 1232.00999047